0.0105055043894
-0.0731241439481
-0.123727902481
0.133006707324
0.0431837101959
-0.0246631477469
-0.0169001924238
0.00985627452431
-0.0474957345792
0.0300900734393
-0.0413695632803
0.0187236516784
-0.0219188665378
-0.0659405603691
0.0235484821765
-0.0312739993691
-0.000800992073956
-0.086700780231
0.0690648651891
0.0914456979639
-0.0744977546728
0.0403617171488
-0.00707295011531
0.0383772779926
-0.043323223211
-0.0330722793854
-0.0472038257209
-0.0340573172443
0.065059332451
0.0492298256737
-0.0178269879969
0.0549801783581
-0.0510330349156
-0.000773750586367
0.0856310892167
0.0242366390825
0.125324681928
0.0118417904813
-0.0423825120738
-0.0251038540372
0.0234287635896
-0.0095748044797
0.00760993023345
-0.0226167554002
-0.0256281246282
-0.0270607675162
0.00483534391463
-0.0847607957817
-0.0698223453575
0.0197466027557
-0.0488339687824
-0.0339070982358
-0.00305518541744
0.00420214771974
0.0280184586362
0.0465658950871
0.0297665326049
0.0455099633234
-0.0778859267295
-0.038669334092
0.0889346478875
-0.0701536110237
0.121219869341
-0.0274782297543
0.0542901555561
0.0201543015212
0.0306421905334
0.0037373638834
0.031241328041
-0.0771894202084
0.0678819010419
