0.309260186795
0.296687196633
0.301205135776
0.300789956636
0.311947267922
0.311080789576
0.30052821838
0.304361198397
0.298033004599
0.293045197528
0.298973083682
0.299543058164
0.304493944637
0.295355849492
0.297466788576
0.300326574064
0.299440333207
0.295245200054
0.295653882443
0.307305945117
0.297965839031
0.302377538608
0.297775233636
0.296988506162
0.296833133019
0.305137574024
0.300293686775
0.295569967965
0.302892197873
0.303704240161
0.294565321534
0.289339560791
0.280176288646
0.267230198783
0.253494709075
0.240977398892
0.237161266477
0.232401542331
0.220973644342
0.208720752295
0.200634559933
0.186937097813
0.181334343053
0.172669471489
0.151503066346
0.141577428144
0.145759483721
0.129765986999
0.121410723136
0.1060297523
0.100725053938
0.0897950087556
0.0865030542268
0.0700519936269
0.0564709764609
0.055866401203
0.0377472340042
0.0282018639381
0.026454599245
0.0110658712785
-0.00391180717958
0.00396989635576
-0.00138579404619
2.53123923801e-05
-0.0102611824067
-0.000237320503349
0.0128040116852
-6.44053162053e-05
-0.00076905509762
-0.00360508792806
0.000198621124008
