6.99634100632
6.70453701883
6.73204876755
6.71152542749
6.50043019394
6.86005668254
6.49812167953
6.76241198525
6.40931942658
6.25078541116
5.7976530659
6.01837040375
5.78875502699
5.73562558166
5.80339970982
5.8608021714
5.8366175862
5.92007716732
6.04199288524
5.74728108915
5.47457948954
5.32332887908
5.56510421224
4.97657953593
4.85625809023
4.79519308545
4.73088653944
4.5694653789
4.93693071103
4.61238896796
4.50169947957
4.48827186314
4.45405008265
3.84773304377
4.65851680466
4.28121096089
4.45658974502
3.92131549933
4.05970322181
3.87837727364
3.69899331855
3.88499394284
3.58727385636
3.54834780843
3.64155195519
3.35820498494
3.34847456022
3.23552604621
2.74160431973
2.66655571424
2.71501467657
2.84654474009
2.89901655113
2.85098312463
2.72487049389
2.95373192298
2.8717589571
2.84389586006
2.65793942387
3.3628735281
3.43762259057
2.96320640776
3.23666142698
2.72860441599
3.21824555943
3.1842317249
2.86331678913
2.80443989345
3.12489181713
3.59622086576
2.91401826319
