2.32339560986
1.78275431708
2.19649861075
1.82904186103
2.17096133669
2.20236392852
2.43632225712
2.24091244145
2.17566289282
2.03263609945
2.08435205636
1.75463463627
2.09101112286
1.92518508064
2.13129106205
1.86112679423
2.09725294448
1.7849881237
1.94645248133
2.02712548105
1.96435047623
1.64776513032
2.01833450066
2.35642461412
1.85485235812
1.91819898915
2.13306727392
1.55653637695
2.08589536663
1.86618432231
1.7922253192
2.21136983929
1.96359504707
2.38509320655
1.96725775722
2.15587660007
1.73480981608
1.99447892342
2.24394308334
2.26511032155
1.87777227582
2.36597295854
2.48283304539
2.49065861816
2.21582161733
1.83493288985
2.14776510938
1.94203005784
2.22511944098
2.00700351192
1.92287664924
1.88809069279
1.86553716796
1.91797912382
1.98676745649
2.1260014131
1.94910622826
1.84322707072
2.08877931574
1.56984475858
1.87067791612
1.65968529134
1.83632115295
1.91901730794
2.06063318873
1.90082419468
2.29447129496
2.1539467614
2.00092206294
2.4151204091
1.54491697666
