2.02500626808
1.82451065365
2.0190514499
1.9723746259
1.98674123126
2.03028067851
1.94097984069
1.83035849347
1.97763554425
1.97286901284
1.93213178509
1.83451340299
1.92128831193
2.15086670906
1.98691872354
1.83076800527
2.06128386758
1.98551835849
2.13877536009
1.81903164872
2.18970822951
1.91116470959
1.92194826691
1.95591291167
1.95951304611
1.814195151
1.880467528
2.04715613934
2.08141161793
2.05601018408
1.88403886177
2.05897108213
2.00260461452
1.90852880708
2.1865368393
2.00934573373
1.78181011851
1.99812152878
1.98618509087
2.15124906202
0
0
0
0
0
0
0
0
0
0
0
0
0
0
0
0
0
0
0
0
0
0
0
0
0
0
0
0
0
0
0
