-0.0192240381929
0.459108869178
0.0308683578246
0.00205958562973
-0.0413061741928
-0.30751634031
0.155082754009
0.0450546060209
0.101064037723
0.541312435043
0.180822902658
-0.0571436945075
0.426667251205
0.282500459676
0.652021821544
0.247957229639
0.30371794245
0.531664008411
0.618882417437
0.618720041162
0.656862813167
0.628298951774
0.874270627388
0.389008060834
0.457911425345
0.995259958655
0.737677293268
0.620712839311
1.25041335297
1.06112762918
0.625468450554
0.816218322909
0.93208058314
0.950229578359
1.15378712952
0.795225140655
1.10359149821
1.13572652533
0.959540024403
1.22056939108
0
0
0
0
0
0
0
0
0
0
0
0
0
0
0
0
0
0
0
0
0
0
0
0
0
0
0
0
0
0
0
