-0.688523347848
-0.275359680518
0.281624296006
-0.0435558185928
0.568552691165
-0.319308748352
-0.106039062159
0.155326563791
-0.150457588387
0.27565074371
-0.0533565973416
0.553567913549
-0.307457032972
0.264193288973
-0.131268176857
-0.14319475057
-0.311434609691
0.292989594448
0.204830480781
0.131489170473
0.288288114142
-0.230843251074
0.45159670522
0.371941877562
0.425619483712
-0.0701594337991
0.0157268640144
-0.0798947823811
0.241424887468
0.137143662654
0.231280744457
0.400817856984
0.259060975386
0.232921197829
0.210424782414
0.278291933682
0.375133693887
-0.235455021428
-0.133880576992
0.364982041805
0
0
0
0
0
0
0
0
0
0
0
0
0
0
0
0
0
0
0
0
0
0
0
0
0
0
0
0
0
0
0
