0.1896071347
0.0502150453628
0.0241709954597
-0.092862303598
0.215418851144
-0.214711050978
-0.0508670023744
0.0861310154084
0.0742767018943
0.217214828976
0.145338520706
-0.412198672725
0.0498522643677
0.0054121033935
0.0950939957021
-0.101437839753
0.0702540675647
0.212942924205
0.295525979642
0.404193700772
-0.0736117096842
-0.111882108235
-0.179087736085
0.270604480926
0.0876036024726
0.0816968514575
-0.282785436631
0.355822671876
-0.0840465711725
0.0379791320518
-0.23258267503
0.270901372158
0.0620915282368
-0.387267009786
-0.282382671266
-0.256895070291
-0.116011732724
-0.0609514714971
0.0214798959279
-0.154942988998
0
0
0
0
0
0
0
0
0
0
0
0
0
0
0
0
0
0
0
0
0
0
0
0
0
0
0
0
0
0
0
